.Random.seed <-
c(10403L, 498L, 1845739182L, 1717250535L, -491228268L, -598162896L, 
-1613551474L, -1047638907L, 1992883255L, 778120787L, -2055262916L, 
1613447714L, 1360044890L, 1497905822L, 674688286L, 322645441L, 
236800903L, 1517995406L, 1853345055L, -1690083145L, -617726558L, 
-100811986L, -1874768257L, 2014713119L, -875258351L, 948719378L, 
-1561099077L, 519576461L, -1775117988L, 2026136017L, 442205687L, 
1588627173L, 302306428L, 639611253L, -1165530480L, 1497410218L, 
987455183L, 1079559453L, -1133427530L, -218043322L, -767214528L, 
1057088813L, 1479476478L, -212446910L, -1923343979L, -1536327225L, 
-1870217991L, 98404487L, -310319959L, -2075232739L, -2004011957L, 
1620756013L, 1657683153L, 1091847649L, 655898932L, -352045738L, 
-1291986945L, -44000101L, 2121203734L, -804546082L, -231368675L, 
-1505139343L, 232099416L, -1426344231L, -1254806738L, -1669999438L, 
1678660161L, 23714405L, -832893116L, -517870849L, 1518601793L, 
1994238398L, 1639341447L, -1796753281L, -1112316487L, -1473635120L, 
368163078L, -1354000136L, -1760038478L, 2113693279L, -1900006792L, 
919335828L, 1465069748L, -321950514L, -490579975L, -260237740L, 
40515953L, 2023801055L, 1987000872L, -869449768L, -532593662L, 
430836474L, -1996431778L, 307450616L, -712304372L, 1495059257L, 
-1690869580L, 1400977799L, 1761021601L, -1542614719L, -690103279L, 
-1245984452L, -1509023889L, -341956710L, -29520739L, -1288308902L, 
1270711614L, 1423558789L, 655958356L, 14471643L, 1770180792L, 
-1623133609L, -1969556255L, 1745514433L, -984946502L, 1364412244L, 
1733462158L, 816890844L, -1992458312L, 981017764L, -940991753L, 
40231183L, 1924396119L, -517456792L, 433974035L, 170631612L, 
1536164789L, 2101940281L, -734405641L, -1372476986L, -1459127323L, 
-1391389123L, -1942151518L, -294473966L, -636934735L, 1042691456L, 
1776062308L, 1243684168L, -914856534L, 1928470793L, -556408287L, 
-1939158465L, 1449677376L, 1301075498L, -993317569L, 1088699715L, 
-459851314L, -471528161L, -2081046854L, -654422088L, -985588745L, 
-1822733479L, -472705963L, -1162739180L, -1407185489L, 2084112619L, 
1965869478L, 1320995928L, -1677382172L, 802702112L, 1287059479L, 
1401698221L, -94504233L, 9786935L, -1412853136L, -1872896346L, 
-784137371L, -244675472L, 1941698564L, 256759899L, -610890640L, 
-1982030542L, 1545693145L, -1816933779L, 1872146513L, 1624794412L, 
1499892635L, -1657741718L, -304113234L, 1142811939L, 343635994L, 
-2101679318L, -966615736L, 1253185631L, -743348057L, 1925951977L, 
1608335254L, -1112172330L, 1166347587L, -1913021570L, 785793034L, 
735867501L, 662393707L, 356057083L, -1512928163L, -329690138L, 
-1544221428L, 1269579548L, 1928455425L, -273088871L, -1121708375L, 
1488755545L, 1205080263L, 1336470326L, 1036258450L, 871519758L, 
-1975959625L, 2105863119L, 1039988134L, -155998383L, 890592759L, 
-264651004L, 751460168L, 583069929L, 242505779L, 2126382466L, 
-1470778168L, -295683338L, -254271901L, 1925009417L, -707417024L, 
-1765233558L, -1992232406L, -1824306835L, 601950426L, 1818894691L, 
-1218721420L, 231580392L, 2140339460L, -528658373L, 682113984L, 
313054612L, 902930202L, 1822670481L, 95667765L, 427583874L, -349713797L, 
-442817394L, -1266394179L, 625452233L, -471585542L, 533426926L, 
920528657L, 102154048L, 989400446L, 2079536385L, -1882005251L, 
-1427781711L, -226643527L, -1049716943L, 1716795648L, -317739459L, 
-314190412L, 1112390689L, -1048451711L, -894981687L, 1320841224L, 
-296647553L, 314287108L, -1553769977L, -1184694847L, -1053247287L, 
1494958320L, 1930962756L, -880893717L, 2093323521L, -2000966842L, 
733408393L, 293677798L, -651084418L, -1753980037L, 1200000338L, 
-824748468L, 740851556L, -1387215484L, -621314127L, -1100666947L, 
1303096254L, 679706167L, 1125850908L, 1056164923L, 1567330953L, 
-527184518L, -440796963L, 2026213634L, 1884956717L, -724319548L, 
1088206403L, -2015503523L, -727595289L, -825799008L, -823467915L, 
250756125L, 564045241L, -1871256477L, 755236388L, 1940470796L, 
1596604765L, 1226609596L, 459998869L, 69381240L, 106193516L, 
850463581L, -1023607250L, -1038980739L, -723147049L, -340878127L, 
912552965L, -782550784L, 1657901108L, 676013994L, -1085738631L, 
352084234L, -1759724889L, -1317220311L, -289510476L, 962927451L, 
-490525575L, 1458373965L, 1703270608L, -59912272L, -595765078L, 
905457368L, -1044262525L, 187376010L, 746925465L, 1183882186L, 
89185243L, 1318754346L, -92960522L, -1478017213L, 2041774049L, 
-184814631L, -1655341090L, 969071339L, -656371707L, -241985642L, 
239087275L, -1932896927L, -2003066690L, -471573288L, 2130536426L, 
900708071L, -359533471L, 1836491292L, 1705403447L, 690165676L, 
1894332275L, -569628716L, 183109745L, -2138127747L, 1661285622L, 
-535244176L, 740639216L, 1098820934L, 1527471462L, 1269841464L, 
-831203902L, 575031409L, -852326595L, -245544363L, 1625189661L, 
1666567535L, -1744936648L, -1024404819L, 1515030335L, -284668081L, 
-1206966456L, 2094167125L, 1598660693L, 1908634433L, -1468070221L, 
1893359881L, -558092126L, 566098358L, -673278583L, 607413970L, 
-632957305L, -406571848L, -1483746026L, -1351149046L, -165560100L, 
1099538501L, -974021987L, 105718220L, -968231360L, -1645348783L, 
-241644049L, 1204222577L, 297259528L, -2065377531L, 861583260L, 
-1272346003L, -1459889990L, 1652788212L, -492731171L, 1965388112L, 
-305455679L, -1334795913L, -1042663448L, 1394522137L, -257585738L, 
-1766904804L, 34355418L, 41487222L, 697705659L, -1219428636L, 
-325733734L, 1273409750L, 1354121902L, 1374768144L, 404379149L, 
-2108594413L, 1103346245L, 1474335446L, 1154131044L, -454394428L, 
-563548023L, 462630117L, 789975551L, 555550007L, 1611055041L, 
1430321981L, -830655856L, -2047294794L, -454055071L, -426144320L, 
-349230162L, 1714414759L, -225383338L, 1592925657L, -1947719718L, 
-998497187L, -210716892L, 1626733190L, 1630425265L, 639615837L, 
879140852L, -1895358053L, -2128667632L, 1004780051L, 1731054827L, 
1972247339L, 2010040788L, 960755105L, 1089559054L, -524532438L, 
-1919301690L, 826798141L, 1611120898L, -200946121L, -687019214L, 
2112945508L, 655832378L, 2103782263L, 778111359L, -1295396877L, 
-2009032812L, 1829374898L, 1904116989L, 1392772979L, 913697048L, 
1058530506L, -1904521556L, 776254952L, -282363580L, 634935124L, 
-1379081182L, 28602954L, 1973117772L, 1827355792L, -170398919L, 
1595158187L, 19729005L, -1656393193L, -1356611486L, -939639030L, 
2015574692L, 172307212L, 500124153L, -971133910L, 30782958L, 
1411342470L, 89573807L, -1919366912L, -28081581L, 1183800992L, 
254930969L, -2105403712L, 827776750L, 805919233L, 616650590L, 
-1374785356L, -2060210223L, -630112313L, 124428509L, -556076871L, 
296538028L, 1651944607L, 1565195325L, 866985633L, 1222983339L, 
1543453326L, 959072593L, 1223604424L, 843660113L, 579229587L, 
862271562L, -1317227433L, -1522309748L, 8134097L, -2085758698L, 
1778885400L, 1073503736L, -1475085751L, 1395862222L, -191528932L, 
-860646403L, -1240218602L, -1751432092L, 696699082L, -485212728L, 
1073663289L, -121975317L, 1305796461L, 490537693L, 1457631848L, 
-2137274755L, -1070629608L, 1201667963L, 2080501547L, 929586730L, 
100690719L, -1496810431L, -225745160L, 757860069L, -719077618L, 
-176585550L, 1384893863L, 525235380L, 1132700359L, 1946213928L, 
1722869119L, -441235558L, -104529953L, 2018350515L, 726134973L, 
222753275L, 571310071L, -536277487L, 824305529L, 196166778L, 
1728886496L, 1059529755L, 788395085L, -1033823860L, 653313619L, 
-1520334353L, 356004590L, -1173282342L, -993430326L, -8932681L, 
259959658L, -817805950L, 913873260L, -405777282L, -122498193L, 
539030609L, 1953408038L, -1611015403L, -491543067L, -1833516096L, 
1258854782L, -765636396L, 316992429L, -1029638937L, 953963719L, 
-1819499949L, -208766030L, -878683970L, -1556541261L, 1755603965L, 
-604574016L, 464142645L, 1185303315L, 1506562902L, 459802993L, 
860355950L, 1025540049L, -2003619624L, 366571536L, 1227502607L, 
1927557359L, -235774801L, 1130092725L, -1502155836L, -959386598L, 
1455367134L, 1339046253L, -1715642817L, -1275358252L, -561549384L, 
1165903909L, 792016993L, -1418561320L, -1224440647L, 1668758153L, 
